%%%%%%%%%%%%%%%%%%%%%%%%%%%%
% Get the 6-state airfoil flow model  
% Paper Reference: A. L. Heide, S.-C. Liao, S. Castiblanco-Ballesteros,
% G. B. Jacobs, P. Seiler, and M. S. Hemati, 
% "Data-driven nonlinear aerodynamics models with certifiably optimal 
% boundedness properties," arXiv preprint arXiv:2508.16800, 2025.
%%%%%%%%%%%%%%%%%%%%%%%%
function [A, Qm, d, n] = get_6state_model

n = 6;

d = [0 0 0 0  461.8307 0]';

A =  [1.1462  27.9268  0  0  -1.12  0;
      -27.9622  0.47724  0  -0.75324  -1.3887  0;
      -9.7073  4.9442  0  0  -12.9241  -6.3824; 
      0  0  0  0  0  -8.66;
      0  5.6722  0  0  -32.2873  -88.2074;
      0  1.9627  0  0  98.4096  -20.0578];

Q1 = [0 -0.010943 -0.18916  -0.13865  0.13571  -0.018203; 
 -0.010943  0.049632  -0.14343  0.22095  -0.017403  -0.20099; 
 -0.18916  -0.14343  -0.5033  0.0042717  -0.12765  0; 
 -0.13865  0.22095  0.0042717  -0.37788  -0.10491  0; 
 0.13571  -0.017403  -0.12765  -0.10491  0.098613  -0.0034017; 
 -0.018203  -0.20099  0  0  -0.0034017  0.25128];

Q2 = [0.021886  -0.024816  -0.12021  0.15575  -0.058758  0.09508; 
    -0.024816  0  0.19448  0.11146  0.05388  0.005476; 
-0.12021  0.19448  -0.093743  0.066773  0.158  -0.015765; 
0.15575  0.11146  0.066773  -0.020351  -0.06229  0.26202; 
-0.058758  0.05388  0.158  -0.06229  0.0042669  -0.12548; 
0.09508  0.005476  -0.015765  0.26202  -0.12548  -0.035263];

Q3 = [0.37832  0.26364  0.25165  -0.027281  -0.064825  0.077515; 
    0.26364  -0.38895  0.046872  0.1518  -0.076879  0.083674; 
    0.25165  0.046872  0  0.2017  0.16747  0.18692; 
    -0.027281  0.1518  0.2017  0  -0.25651  0.23072; 
    -0.064825  -0.076879  0.16747  -0.25651  -0.077262  -0.013341; 
    0.077515  0.083674  0.18692  0.23072  -0.013341  0];

Q4 = [0.27731  -0.3767  0.023009  0.18894  -0.058475  -0.031335; 
-0.3767  -0.22293  -0.21857  0.010175  -0.050336  -0.087282; 
0.023009  -0.21857  -0.4034  0  0.01456  -0.28309; 
0.18894  0.010175  0  0  0.19856  0; 
-0.058475  -0.050336  0.01456  0.19856  -0.34793  0.022695; 
-0.031335  -0.087282  -0.28309  0  0.022695  -0.49437];

Q5 = [-0.27142  0.076162  0.19248  0.16339  -0.049307  0.1252; 
    0.076162  -0.10776  -0.081122  0.11263  -0.0021334  0.10619; 
    0.19248  -0.081122  -0.33495  0.24195  0.038631  -0.069319; 
    0.16339  0.11263  0.24195  -0.39712  0.17397  -0.017783; 
    -0.049307  -0.0021334  0.038631  0.17397  0  -0.077685; 
    0.1252  0.10619  -0.069319  -0.017783  -0.077685  -0.018803];

Q6 = [0.036407  0.10591  -0.077515  0.031335  -0.1218  -0.12564; 
    0.10591  -0.010952  -0.06791  -0.17473  0.019291  0.017632; 
    -0.077515  -0.06791  -0.37384  0.052372  0.082661  0; 
    0.031335  -0.17473  0.052372  0  -0.0049113  0.24718; 
    -0.1218  0.019291  0.082661  -0.0049113  0.15537  0.0094017; 
    -0.12564  0.017632  0  0.24718  0.0094017  0];

Qm = {Q1,Q2,Q3,Q4,Q5,Q6};